   0.0000000e+00	
   0.0000000e+00	
   0.0000000e+00	
   0.0000000e+00	
   0.0000000e+00	
   0.0000000e+00	
   0.0000000e+00	
   6.4280122e-03	
   1.7051595e-02	
   3.5105689e-02	
   6.6990911e-02	
   1.0949666e-01	
   1.6532041e-01	
   2.4802430e-01	
   3.4927614e-01	
   4.7547252e-01	
   4.9668092e-01	
   4.9805806e-01	
   4.5514143e-01	
   3.8799590e-01	
   2.8446879e-01	
   2.7886993e-01	
   2.7575344e-01	
   2.6990410e-01	
   2.5779450e-01	
   2.3872189e-01	
   2.0718737e-01	
   1.7053074e-01	
   1.5009739e-01	
   1.3790097e-01	
   1.3552500e-01	
   1.4922737e-01	
   1.7731827e-01	
   2.2073098e-01	
   2.7787313e-01	
   3.4573580e-01	
   4.1746487e-01	
   4.6092684e-01	
   4.9821078e-01	
   5.4150744e-01	
   5.7862873e-01	
   6.6661653e-01	
   7.7120788e-01	
   8.6638308e-01	
   9.3808987e-01	
   1.0000000e+00	
   1.0000000e+00	
   1.0000000e+00	
   1.0000000e+00	
